File: Results-stwcrack-Alex0315
NOT FOUND


File: Results-stwcrack-Alex0331
NOT FOUND


File: Results-stwcrack-Alex0383
NOT FOUND


File: Results-stwcrack-Alex0396
NOT FOUND


File: Results-stwcrack-Alex0341
NOT FOUND


File: Results-stwcrack-Alex0309
NOT FOUND


File: Results-stwcrack-Alex0386
NOT FOUND


File: Results-stwcrack-Alex0369
NOT FOUND


File: Results-stwcrack-Alex0395
NOT FOUND


File: Results-stwcrack-Alex0329
NOT FOUND


File: Results-stwcrack-Alex0390
NOT FOUND


File: Results-stwcrack-Alex0398
NOT FOUND


File: Results-stwcrack-Alex0343
NOT FOUND


File: Results-stwcrack-Alex0354
NOT FOUND


File: Results-stwcrack-Alex0306
NOT FOUND


File: Results-stwcrack-Alex0345
NOT FOUND


File: Results-stwcrack-Alex0324
NOT FOUND


File: Results-stwcrack-Alex0378
NOT FOUND


File: Results-stwcrack-Alex0340
NOT FOUND


File: Results-stwcrack-Alex0339
NOT FOUND


File: Results-stwcrack-Alex0347
NOT FOUND


File: Results-stwcrack-Alex0322
NOT FOUND


File: Results-stwcrack-Alex0375
NOT FOUND


File: Results-stwcrack-Alex0333
NOT FOUND


File: Results-stwcrack-Alex0370
NOT FOUND


File: Results-stwcrack-Alex0302
NOT FOUND


File: Results-stwcrack-Alex0315
NOT FOUND


File: Results-stwcrack-Alex0331
NOT FOUND


File: Results-stwcrack-Alex0383
NOT FOUND


File: Results-stwcrack-Alex0396
NOT FOUND


File: Results-stwcrack-Alex0341
NOT FOUND


File: Results-stwcrack-Alex0309
NOT FOUND


File: Results-stwcrack-Alex0386
NOT FOUND


File: Results-stwcrack-Alex0369
NOT FOUND


File: Results-stwcrack-Alex0395
NOT FOUND


File: Results-stwcrack-Alex0329
NOT FOUND


File: Results-stwcrack-Alex0390
NOT FOUND


File: Results-stwcrack-Alex0398
NOT FOUND


File: Results-stwcrack-Alex0343
NOT FOUND


File: Results-stwcrack-Alex0315
File: Results-stwcrack-Alex0315
[[255, 5, 0, 0], [256, 5, 1, 0], [257, 6, 1, 1], [257, 7, 0, 1], [257, 8, 0, 1], [257, 9, 0, 1], [257, 10, 0, 1], [256, 11, -1, 1], [256, 12, 0, 1], [255, 13, -1, 1], [255, 14, 0, 1], [254, 15, -1, 1], [254, 16, 0, 1], [254, 17, 0, 1], [254, 18, 0, 1], [254, 19, 0, 1], [254, 20, 0, 1], [254, 21, 0, 1], [254, 22, 0, 1], [253, 23, -1, 1], [252, 24, -1, 1], [252, 25, 0, 1], [252, 26, 0, 1], [252, 27, 0, 1], [252, 28, 0, 1], [252, 29, 0, 1], [252, 30, 0, 1], [252, 31, 0, 1], [251, 32, -1, 1], [251, 33, 0, 1], [251, 34, 0, 1], [251, 35, 0, 1], [251, 36, 0, 1], [251, 37, 0, 1], [251, 37, 0, 0], [250, 38, -1, 1], [249, 39, -1, 1], [248, 40, -1, 1], [248, 41, 0, 1], [248, 42, 0, 1], [248, 43, 0, 1], [248, 44, 0, 1], [248, 45, 0, 1], [248, 46, 0, 1], [248, 47, 0, 1], [248, 48, 0, 1], [248, 49, 0, 1], [247, 50, -1, 1], [246, 51, -1, 1], [246, 52, 0, 1], [245, 53, -1, 1], [245, 54, 0, 1], [245, 55, 0, 1], [245, 56, 0, 1], [245, 57, 0, 1], [244, 58, -1, 1], [244, 59, 0, 1], [244, 60, 0, 1], [243, 61, -1, 1], [243, 62, 0, 1], [243, 63, 0, 1], [243, 64, 0, 1], [242, 65, -1, 1], [241, 66, -1, 1], [241, 67, 0, 1], [241, 68, 0, 1], [240, 69, -1, 1], [240, 70, 0, 1], [240, 71, 0, 1], [239, 72, -1, 1], [239, 73, 0, 1], [238, 74, -1, 1], [238, 74, 0, 1], [238, 75, 0, 0], [238, 75, 0, 0], [238, 76, 0, 1], [238, 77, 0, 1], [237, 78, -1, 1], [237, 79, 0, 1], [236, 80, -1, 1], [236, 81, 0, 1], [236, 82, 0, 1], [236, 83, 0, 1], [236, 84, 0, 1], [236, 85, 0, 1], [236, 86, 0, 1], [237, 87, 1, 1], [237, 87, 1, 1], [238, 88, 0, 0], [238, 88, 0, 0], [239, 88, 1, 0], [240, 88, 1, 0], [240, 88, 1, 1], [241, 89, 0, 0], [241, 89, 0, 0], [241, 90, 0, 1], [241, 91, 0, 1], [241, 92, 0, 1], [241, 93, 0, 1], [241, 94, 0, 1], [241, 95, 0, 1], [241, 96, 0, 1], [241, 97, 0, 1], [240, 98, -1, 1], [240, 99, 0, 1], [240, 100, 0, 1], [240, 101, 0, 1], [240, 102, 0, 1], [240, 103, 0, 1], [240, 104, 0, 1], [240, 104, 0, 0], [239, 105, -1, 1], [238, 106, -1, 1], [237, 107, -1, 1], [237, 108, 0, 1], [237, 109, 0, 1], [237, 110, 0, 1], [237, 111, 0, 1], [237, 112, 0, 1], [237, 113, 0, 1], [237, 114, 0, 1], [237, 115, 0, 1], [237, 116, 0, 1], [237, 117, 0, 1], [237, 118, 0, 1], [237, 119, 0, 1], [237, 120, 0, 1], [238, 121, 1, 1], [238, 121, 1, 1], [239, 122, 0, 0], [239, 122, 0, 0], [238, 123, -1, 1], [237, 124, -1, 1], [237, 125, 0, 1], [237, 126, 0, 1], [237, 127, 0, 1], [236, 128, -1, 1], [235, 129, -1, 1], [235, 130, 0, 1], [235, 131, 0, 1], [235, 132, 0, 1], [235, 133, 0, 1], [235, 134, 0, 1], [235, 135, 0, 1], [235, 136, 0, 1], [235, 137, 0, 1], [235, 138, 0, 1], [235, 139, 0, 1], [234, 140, -1, 1], [234, 141, 0, 1], [234, 142, 0, 1], [234, 143, 0, 1], [233, 144, -1, 1], [233, 145, 0, 1], [233, 146, 0, 1], [233, 147, 0, 1], [233, 148, 0, 1], [232, 149, -1, 1], [232, 150, 0, 1], [231, 151, -1, 1], [231, 152, 0, 1], [231, 153, 0, 1], [230, 154, -1, 1], [229, 155, -1, 1], [228, 156, -1, 1], [228, 157, 0, 1], [227, 158, -1, 1], [227, 159, 0, 1], [227, 160, 0, 1], [226, 161, -1, 1], [225, 162, -1, 1], [225, 163, 0, 1], [224, 164, -1, 1], [223, 165, -1, 1], [222, 166, -1, 1], [221, 167, -1, 1], [220, 167, 1, 0]]
[[255, 5, 0, 0], [256, 5, 1, 0], [257, 6, 1, 1], [257, 7, 0, 1], [257, 8, 0, 1], [257, 9, 0, 1], [257, 10, 0, 1], [256, 11, -1, 1], [256, 12, 0, 1], [255, 13, -1, 1], [255, 14, 0, 1], [254, 15, -1, 1], [254, 16, 0, 1], [254, 17, 0, 1], [254, 18, 0, 1], [254, 19, 0, 1], [254, 20, 0, 1], [254, 21, 0, 1], [254, 22, 0, 1], [253, 23, -1, 1], [252, 24, -1, 1], [252, 25, 0, 1], [252, 26, 0, 1], [252, 27, 0, 1], [252, 28, 0, 1], [252, 29, 0, 1], [252, 30, 0, 1], [252, 31, 0, 1], [251, 32, -1, 1], [251, 33, 0, 1], [251, 34, 0, 1], [251, 35, 0, 1], [251, 36, 0, 1], [251, 37, 0, 1], [251, 37, 0, 0], [250, 38, -1, 1], [249, 39, -1, 1], [248, 40, -1, 1], [248, 41, 0, 1], [248, 42, 0, 1], [248, 43, 0, 1], [248, 44, 0, 1], [248, 45, 0, 1], [248, 46, 0, 1], [248, 47, 0, 1], [248, 48, 0, 1], [248, 49, 0, 1], [247, 50, -1, 1], [246, 51, -1, 1], [246, 52, 0, 1], [245, 53, -1, 1], [245, 54, 0, 1], [245, 55, 0, 1], [245, 56, 0, 1], [245, 57, 0, 1], [244, 58, -1, 1], [244, 59, 0, 1], [244, 60, 0, 1], [243, 61, -1, 1], [243, 62, 0, 1], [243, 63, 0, 1], [243, 64, 0, 1], [242, 65, -1, 1], [241, 66, -1, 1], [241, 67, 0, 1], [241, 68, 0, 1], [240, 69, -1, 1], [240, 70, 0, 1], [240, 71, 0, 1], [239, 72, -1, 1], [239, 73, 0, 1], [238, 74, -1, 1], [238, 74, 0, 1], [238, 75, 0, 0], [238, 75, 0, 0], [238, 76, 0, 1], [238, 77, 0, 1], [237, 78, -1, 1], [237, 79, 0, 1], [236, 80, -1, 1], [236, 81, 0, 1], [236, 82, 0, 1], [236, 83, 0, 1], [236, 84, 0, 1], [236, 85, 0, 1], [236, 86, 0, 1], [237, 87, 1, 1], [237, 87, 1, 1], [238, 88, 0, 0], [238, 88, 0, 0], [239, 88, 1, 0], [240, 88, 1, 0], [240, 88, 1, 0], [241, 88, 0, 0], [241, 88, 0, 0], [242, 87, -1, 1], [243, 87, 1, 0], [244, 87, 1, 0], [245, 86, -1, 1], [246, 86, 1, 0], [247, 86, 1, 0], [248, 86, 1, 0], [249, 86, 1, 0], [250, 85, -1, 1], [251, 85, 1, 0], [252, 85, 1, 0], [253, 84, -1, 1], [254, 84, 1, 0], [255, 83, -1, 1], [256, 82, -1, 1], [257, 82, 1, 0], [258, 81, -1, 1], [258, 81, 0, 0], [259, 82, 1, 1], [260, 82, 1, 0], [261, 82, 1, 0], [262, 82, 1, 0], [263, 82, 1, 0], [264, 82, 1, 0], [265, 82, 1, 0], [266, 82, 1, 0], [267, 82, 1, 0], [268, 82, 1, 0], [269, 82, 1, 0], [270, 82, 1, 0], [271, 82, 1, 0], [272, 82, 1, 0], [273, 82, 1, 0], [274, 82, 1, 0], [275, 81, -1, 1], [276, 81, 1, 0], [277, 81, 1, 0], [278, 81, 1, 0], [279, 81, 1, 0], [280, 80, -1, 1], [281, 80, 1, 0], [282, 80, 1, 0], [283, 80, 1, 0], [284, 80, 1, 0], [285, 79, -1, 1], [286, 79, 1, 0], [287, 79, 1, 0], [288, 79, 1, 0], [289, 79, 1, 0], [290, 79, 1, 0], [291, 79, 1, 0], [292, 80, 1, 1], [293, 80, 1, 0], [294, 80, 1, 0], [295, 80, 1, 0], [296, 81, 1, 1], [297, 82, 1, 1], [298, 83, 1, 1], [298, 83, 0, 1], [298, 84, 0, 0], [298, 84, 0, 1], [298, 85, 0, 0], [298, 85, -1, 1], [297, 86, 0, 1], [297, 87, -1, 1], [296, 88, 0, 1], [296, 89, -1, 1], [295, 90, -1, 1], [294, 91, 0, 1], [294, 92, -1, 1], [293, 93, 1, 0], [292, 93, -1, 1], [291, 94, 1, 0], [290, 94, -1, 1], [289, 95, 1, 0], [288, 95, -1, 1], [287, 96, 1, 0], [286, 96, -1, 1], [285, 97, 1, 0], [284, 97, -1, 1], [283, 98, 1, 0], [282, 98, 1, 0], [281, 98, 1, 0], [280, 98, -1, 1], [279, 99, 1, 0], [278, 99, -1, 1], [277, 100, 1, 0], [276, 100, -1, 1], [275, 101, 1, 0], [274, 101, -1, 1], [273, 102, 1, 0], [272, 102, -1, 1], [271, 103, 1, 0], [270, 103, -1, 1], [269, 104, 1, 0], [268, 104, -1, 1], [267, 105, 1, 0], [266, 105, -1, 1], [265, 106, 1, 0], [264, 106, 1, 0], [263, 106, -1, 1], [262, 107, -1, 1], [261, 108, 1, 0], [260, 108, -1, 1], [259, 109, -1, 1], [258, 110, 1, 0], [257, 110, -1, 1], [256, 111, -1, 1], [255, 112, -1, 1], [254, 113, -1, 1], [253, 114, -1, 1], [252, 115, 1, 0], [251, 115, -1, 1], [250, 116, -1, 1], [249, 117, -1, 1], [248, 118, 1, 0], [247, 118, 1, 0], [246, 118, -1, 1], [245, 119, 1, 0], [244, 119, -1, 1], [243, 120, 1, 0], [242, 120, 1, 0], [241, 120, -1, 1], [240, 121, 0, 0], [240, 121, 0, 0], [239, 122, -1, 1], [239, 122, 0, 0], [238, 123, -1, 1], [237, 124, -1, 1], [237, 125, 0, 1], [237, 126, 0, 1], [237, 127, 0, 1], [236, 128, -1, 1], [235, 129, -1, 1], [235, 130, 0, 1], [235, 131, 0, 1], [235, 132, 0, 1], [235, 133, 0, 1], [235, 134, 0, 1], [235, 135, 0, 1], [235, 136, 0, 1], [235, 137, 0, 1], [235, 138, 0, 1], [235, 139, 0, 1], [234, 140, -1, 1], [234, 141, 0, 1], [234, 142, 0, 1], [234, 143, 0, 1], [233, 144, -1, 1], [233, 145, 0, 1], [233, 146, 0, 1], [233, 147, 0, 1], [233, 148, 0, 1], [232, 149, -1, 1], [232, 150, 0, 1], [231, 151, -1, 1], [231, 152, 0, 1], [231, 153, 0, 1], [230, 154, -1, 1], [229, 155, -1, 1], [228, 156, -1, 1], [228, 157, 0, 1], [227, 158, -1, 1], [227, 159, 0, 1], [227, 160, 0, 1], [226, 161, -1, 1], [225, 162, -1, 1], [225, 163, 0, 1], [224, 164, -1, 1], [223, 165, -1, 1], [222, 166, -1, 1], [221, 167, -1, 1], [220, 167, 1, 0]]
[[255, 5, 0, 0], [256, 5, 1, 0], [257, 6, 1, 1], [257, 7, 0, 1], [257, 8, 0, 1], [257, 9, 0, 1], [257, 10, 0, 1], [256, 11, -1, 1], [256, 12, 0, 1], [255, 13, -1, 1], [255, 14, 0, 1], [254, 15, -1, 1], [254, 16, 0, 1], [254, 17, 0, 1], [254, 18, 0, 1], [254, 19, 0, 1], [254, 20, 0, 1], [254, 21, 0, 1], [254, 22, 0, 1], [253, 23, -1, 1], [252, 24, -1, 1], [252, 25, 0, 1], [252, 26, 0, 1], [252, 27, 0, 1], [252, 28, 0, 1], [252, 29, 0, 1], [252, 30, 0, 1], [252, 31, 0, 1], [251, 32, -1, 1], [251, 33, 0, 1], [251, 34, 0, 1], [251, 35, 0, 1], [251, 36, 0, 1], [251, 37, 0, 1], [251, 37, 0, 0], [250, 38, -1, 1], [249, 39, -1, 1], [248, 40, -1, 1], [248, 41, 0, 1], [248, 42, 0, 1], [248, 43, 0, 1], [248, 44, 0, 1], [248, 45, 0, 1], [248, 46, 0, 1], [248, 47, 0, 1], [248, 48, 0, 1], [248, 49, 0, 1], [247, 50, -1, 1], [246, 51, -1, 1], [246, 52, 0, 1], [245, 53, -1, 1], [245, 54, 0, 1], [245, 55, 0, 1], [245, 56, 0, 1], [245, 57, 0, 1], [244, 58, -1, 1], [244, 59, 0, 1], [244, 60, 0, 1], [243, 61, -1, 1], [243, 62, 0, 1], [243, 63, 0, 1], [243, 64, 0, 1], [242, 65, -1, 1], [241, 66, -1, 1], [241, 67, 0, 1], [241, 68, 0, 1], [240, 69, -1, 1], [240, 70, 0, 1], [240, 71, 0, 1], [239, 72, -1, 1], [239, 73, 0, 1], [238, 74, -1, 1], [238, 74, 0, 1], [238, 75, 0, 0], [238, 75, 0, 0], [238, 76, 0, 1], [238, 77, 0, 1], [237, 78, -1, 1], [237, 79, 0, 1], [236, 80, -1, 1], [236, 81, 0, 1], [236, 82, 0, 1], [236, 83, 0, 1], [236, 84, 0, 1], [236, 85, 0, 1], [236, 86, 0, 1], [237, 87, 1, 1], [237, 87, 0, 1], [237, 88, 0, 0], [237, 88, 1, 0], [238, 88, 0, 0], [238, 88, 0, 0], [239, 88, 1, 0], [240, 88, 1, 0], [240, 88, 1, 1], [241, 89, 0, 0], [241, 89, 0, 0], [241, 90, 0, 1], [241, 91, 0, 1], [241, 92, 0, 1], [241, 93, 0, 1], [241, 94, 0, 1], [241, 95, 0, 1], [241, 96, 0, 1], [241, 97, 0, 1], [240, 98, -1, 1], [240, 99, 0, 1], [240, 100, 0, 1], [240, 101, 0, 1], [240, 102, 0, 1], [240, 103, 0, 1], [240, 104, 0, 1], [240, 104, 0, 0], [239, 105, -1, 1], [238, 106, -1, 1], [237, 107, -1, 1], [237, 108, 0, 1], [237, 109, 0, 1], [237, 110, 0, 1], [237, 111, 0, 1], [237, 112, 0, 1], [237, 113, 0, 1], [237, 114, 0, 1], [237, 115, 0, 1], [237, 116, 0, 1], [237, 117, 0, 1], [237, 118, 0, 1], [237, 119, 0, 1], [237, 120, 0, 1], [238, 121, 1, 1], [238, 121, 1, 1], [239, 122, 0, 0], [239, 122, -1, 1], [240, 121, 0, 0], [240, 121, 0, 0], [241, 120, -1, 1], [242, 120, 1, 0], [243, 120, 1, 0], [244, 119, -1, 1], [245, 119, 1, 0], [246, 118, -1, 1], [247, 118, 1, 0], [248, 118, 1, 0], [249, 117, -1, 1], [250, 116, -1, 1], [251, 115, -1, 1], [252, 115, 1, 0], [253, 114, -1, 1], [254, 113, -1, 1], [255, 112, -1, 1], [256, 111, -1, 1], [257, 110, -1, 1], [258, 110, 1, 0], [259, 109, -1, 1], [260, 108, -1, 1], [261, 108, 1, 0], [262, 107, -1, 1], [263, 106, -1, 1], [264, 106, 1, 0], [265, 106, 1, 0], [266, 105, -1, 1], [267, 105, 1, 0], [268, 104, -1, 1], [269, 104, 1, 0], [270, 103, -1, 1], [271, 103, 1, 0], [272, 102, -1, 1], [273, 102, 1, 0], [274, 101, -1, 1], [275, 101, 1, 0], [276, 100, -1, 1], [277, 100, 1, 0], [278, 99, -1, 1], [279, 99, 1, 0], [280, 98, -1, 1], [281, 98, 1, 0], [282, 98, 1, 0], [283, 98, 1, 0], [284, 97, -1, 1], [285, 97, 1, 0], [286, 96, -1, 1], [287, 96, 1, 0], [288, 95, -1, 1], [289, 95, 1, 0], [290, 94, -1, 1], [291, 94, 1, 0], [292, 93, -1, 1], [293, 93, 1, 0], [294, 92, -1, 1], [294, 91, 0, 1], [295, 90, -1, 1], [296, 89, -1, 1], [296, 88, 0, 1], [297, 87, -1, 1], [297, 86, 0, 1], [298, 85, -1, 1], [298, 85, 0, 0], [298, 84, 0, 1], [298, 84, 1, 0], [299, 84, 0, 0], [299, 84, 0, 0], [300, 84, 1, 0], [301, 84, 1, 0], [302, 83, -1, 1], [303, 83, 1, 0], [304, 83, 1, 0], [305, 83, 1, 0], [306, 83, 1, 0], [307, 83, 1, 0], [308, 83, 1, 0], [309, 83, 1, 0], [310, 83, 1, 0], [311, 82, -1, 1], [312, 82, 1, 0], [313, 82, 1, 0], [314, 82, 1, 0], [315, 82, 1, 0], [316, 82, 1, 0], [317, 82, 1, 0], [318, 82, 1, 0], [319, 82, 1, 0], [320, 82, 1, 0], [321, 81, -1, 1], [322, 81, 1, 0], [323, 81, 1, 0], [324, 81, 1, 0], [325, 81, 1, 0], [326, 81, 1, 0], [327, 81, 1, 0], [328, 81, 1, 0], [329, 81, 1, 0], [330, 81, 1, 0], [331, 81, 1, 0], [332, 81, 1, 0], [333, 80, -1, 1], [334, 80, 1, 0], [335, 80, 1, 0], [336, 80, 1, 0], [337, 80, 1, 0], [338, 80, 1, 0], [339, 80, 1, 0], [340, 80, 1, 0], [341, 79, -1, 1], [342, 79, 1, 0], [343, 79, 1, 0], [344, 79, 1, 0], [345, 78, -1, 1], [346, 78, 1, 0], [347, 78, 1, 0], [348, 78, 1, 0], [349, 78, 1, 0], [350, 77, -1, 1], [351, 77, 1, 0], [352, 77, 1, 0], [353, 77, 1, 0], [354, 77, 1, 0], [355, 77, 1, 0], [356, 77, 1, 0], [357, 77, 1, 0], [358, 76, -1, 1], [359, 76, 1, 0], [360, 76, 1, 0], [361, 76, 1, 0], [362, 76, 1, 0], [363, 76, 1, 0], [364, 75, -1, 1], [365, 75, 1, 0], [366, 75, 1, 0], [367, 75, 1, 0], [368, 75, 1, 0], [369, 75, 1, 0], [370, 76, 1, 1], [371, 76, 1, 0], [372, 76, 1, 0], [373, 76, 1, 0], [374, 76, 1, 0], [375, 76, 1, 0], [376, 76, 1, 0], [377, 76, 1, 0], [378, 77, 1, 1], [379, 77, 1, 0], [379, 77, 1, 0], [380, 77, 0, 0], [380, 77, 0, 1], [380, 78, 0, 0], [380, 78, 0, 0], [381, 79, 1, 1], [382, 80, 1, 1], [383, 81, 1, 1], [383, 82, 0, 1]]


